https://tenhou.net/5/#json={"title":["南喰赤","2026-09-07 14:31:31"],"name":["Honver","ぼーりっく","Fr1dayFr0g","吕凤仙儿"],"rule":{"disp":"南喰赤","aka":1},"log":[[[0,0,0],[25000,25000,25000,25000],[18,13],[],[45,12,23,42,51,53,36,38,42,18,23,29,32],[39,25,14,46,27,47,31,35,32,25,11,22,42,38,37,19,41,28],[29,12,32,60,23,23,47,45,42,42,25,25,31,42,18,51,22,41],[24,47,41,36,15,46,34,39,43,17,21,14,16],[24,26,24,18,44,45,31,37,36,45,33,24,33,26,15,33,21,14],[43,39,21,46,60,47,45,41,26,60,31,"242424a24",17,60,18,15,60,15],[38,39,37,17,29,33,34,13,28,35,12,27,32],[22,29,35,23,19,17,28,28,21,19,43,45,44,19,46,52,21],[60,17,"r29",60,60,60,60,60,60,60,60,60,60,60,60,60,60],[22,16,25,47,14,43,47,34,43,46,31,23,32],[18,12,13,37,11,22,26,27,44,16,34,12,17,41,11,11,13],[31,25,46,43,43,23,22,22,26,47,47,44,60,18,12,12,41],["流局",[-1000,-1000,3000,-1000]]]]}
https://tenhou.net/5/#json={"title":["南喰赤","2026-09-07 14:31:31"],"name":["Honver","ぼーりっく","Fr1dayFr0g","吕凤仙儿"],"rule":{"disp":"南喰赤","aka":1},"log":[[[1,1,1],[24000,24000,27000,24000],[12],[14],[16,19,33,41,29,45,44,12,12,24,17,52,15],[38,13,34,28,42,25,34,32,44,29,18,14,22],[41,29,44,60,60,12,19,38,60,60,60,45,34],[47,39,45,46,43,43,36,11,28,37,18,42,22],[51,18,11,13,23,47,41,31,31,45,24,"p181818",36],[39,42,45,47,28,60,60,60,60,60,46,43,43],[47,13,38,33,46,38,15,17,43,27,46,26,38],[42,26,29,26,47,27,34,23,21,"4646p46",17,42,16,35],[43,42,47,33,60,29,60,60,60,17,60,60,60,60],[11,16,35,15,24,28,44,19,23,32,21,45,32],[39,25,28,21,37,39,41,17,46,22,14,36,29,33],[44,45,19,39,11,21,60,21,60,60,17,39,60,"r32"],["和了",[-8300,0,0,10300],[3,0,3,"満貫8000点","断幺九(1飜)","平和(1飜)","立直(1飜)","一発(1飜)","裏ドラ(1飜)"]]]]}
https://tenhou.net/5/#json={"title":["南喰赤","2026-09-07 14:31:31"],"name":["Honver","ぼーりっく","Fr1dayFr0g","吕凤仙儿"],"rule":{"disp":"南喰赤","aka":1},"log":[[[2,0,0],[15700,24000,27000,33300],[41],[],[17,38,47,31,28,28,19,15,22,19,38,35,18],[47,21,"4747p47","3838p38",43,11,21,45,13,21],[31,15,35,19,60,60,22,60,60],[26,31,26,13,25,29,32,27,38,25,47,43,24],[17,23,32,35,14,36,11,18,17],[43,47,38,29,31,17,23,60,60],[33,39,53,24,31,16,28,52,12,32,37,23,25],[15,18,11,27,27,33,24,34],[28,60,60,12,25,39,60,"r37"],[37,45,22,37,35,12,33,29,43,22,39,16,26],[12,38,19,44,28,17,12,41],[29,43,60,60,45,22,22,37],["和了",[2500,-400,-700,-400],[0,0,0,"40符1飜400-700点","役牌 中(1飜)"]]]]}
https://tenhou.net/5/#json={"title":["南喰赤","2026-09-07 14:31:31"],"name":["Honver","ぼーりっく","Fr1dayFr0g","吕凤仙儿"],"rule":{"disp":"南喰赤","aka":1},"log":[[[3,0,0],[18200,23600,25300,32900],[21],[],[35,11,39,26,14,37,27,12,42,14,23,29,32],[42,35,47,"4242p42",52,22,18,24],[29,32,11,23,47,39,60,12],[37,42,47,32,33,15,43,38,51,45,35,36,47],[19,12,31,12,"p474747",17],[60,43,42,45,38,60],[39,43,11,34,23,33,36,44,45,18,25,18,47],[24,32,25,22,22,"18p1818"],[39,43,11,47,45,44],[41,21,28,38,26,31,29,43,16,34,25,21,45],[39,16,46,29,38,31,11],[31,43,60,45,34,60,60],["和了",[-2000,2000,0,0],[1,0,1,"30符2飜2000点","役牌 中(1飜)","赤ドラ(1飜)"]]]]}
https://tenhou.net/5/#json={"title":["南喰赤","2026-09-07 14:31:31"],"name":["Honver","ぼーりっく","Fr1dayFr0g","吕凤仙儿"],"rule":{"disp":"南喰赤","aka":1},"log":[[[4,0,0],[16200,25600,25300,32900],[25],[],[44,44,19,18,36,38,47,39,43,38,22,32,17],[12,33,34,35,36],[43,39,47,22,12],[14,36,51,26,36,43,37,23,12,53,28,32,14],[23,21,24],[43,32,21],[39,13,41,46,11,13,27,46,52,29,42,32,28],[24,33,"4646p46",18],[41,39,42,60],[22,47,17,29,44,45,16,39,47,27,46,22,28],[21,21,"4747p47",23,"2222p22"],[45,39,46,44,23],["和了",[0,0,-1000,1000],[3,2,3,"30符1飜1000点","役牌 中(1飜)"]]]]}
https://tenhou.net/5/#json={"title":["南喰赤","2026-09-07 14:31:31"],"name":["Honver","ぼーりっく","Fr1dayFr0g","吕凤仙儿"],"rule":{"disp":"南喰赤","aka":1},"log":[[[5,0,0],[16200,25600,24300,33900],[53],[14],[21,45,28,23,39,39,34,38,34,23,43,14,29],[13,38,23,12,38,46,11,46,27,24,17,43,15,37,11,26,43,41],[43,45,21,29,"r28",60,60,60,60,60,60,60,60,60,60,60,60,60],[17,38,42,24,43,19,29,47,14,21,18,15,45],[25,16,16,29,17,19,44,36,25,35,11,31,12,32,"c373536",27,22,28,31],[43,42,45,21,47,29,29,44,17,38,60,60,60,60,24,60,18,60,60],[16,27,25,42,33,18,23,37,46,39,39,22,13],[26,42,28,37,13,41,11,29,27,37,21,26,33,12,36,33,26,31],[46,13,33,28,42,42,60,60,27,41,27,21,60,60,37,18,60,60],[22,35,47,32,36,34,12,34,33,47,17,31,42],[32,44,"c333234",36,"47p4747",35,45,41,45,32,51,19,24,28,18,"c373536",47,15,14],[42,60,22,17,12,31,60,60,60,33,32,32,60,60,51,18,60,60,34],["和了",[3600,0,0,-2600],[0,3,0,"40符2飜2600点","立直(1飜)","河底撈魚(1飜)","裏ドラ(0飜)"]]]]}
https://tenhou.net/5/#json={"title":["南喰赤","2026-09-07 14:31:31"],"name":["Honver","ぼーりっく","Fr1dayFr0g","吕凤仙儿"],"rule":{"disp":"南喰赤","aka":1},"log":[[[6,0,0],[18800,25600,24300,31300],[14],[],[41,47,34,13,22,33,11,42,31,24,23,44,38],[46,53,37,51,19,22,36,11,34,17,19,27,14,37,13,26,16,45],[41,44,42,46,47,53,38,36,33,37,34,34,31,19,27,37,11,11],[17,13,12,13,27,41,24,33,28,35,21,29,23],[12,26,16,32,14,37,12,14,32,18,33,27,37,21,46,44,26],[41,17,60,35,21,60,33,32,60,60,60,60,60,60,60,60,29],[44,42,26,41,17,45,31,23,41,29,32,46,38],[15,"41p4141",52,47,"c161517",42,47,19,24,43,23,15,28,"c272628",27,11,18,28,31],[29,44,42,46,47,60,60,38,45,60,19,32,31,15,60,60,60,60,60],[43,46,39,43,17,22,42,47,43,22,24,25,16],[18,36,38,35,34,44,38,36,32,16,34,39,25,28,21,35,33,29,11],[39,47,46,38,"r42",60,60,60,60,60,60,60,60,60,60,60,60,60,60],["流局",[-1500,-1500,1500,1500]]]]}
https://tenhou.net/5/#json={"title":["南喰赤","2026-09-07 14:31:31"],"name":["Honver","ぼーりっく","Fr1dayFr0g","吕凤仙儿"],"rule":{"disp":"南喰赤","aka":1},"log":[[[6,1,1],[17300,24100,25800,31800],[11],[35],[21,16,45,34,25,44,38,22,13,18,33,26,47],[37,39,32,36,42,23,34,12,37,42,45,29],[44,47,45,21,22,60,13,42,12,60,39,60],[44,36,37,31,11,33,28,44,26,28,14,16,18],["p444444",14,32,21,12,29,"c131214",46,21,22,24,28],[11,31,26,60,14,60,33,32,60,46,16,60],[24,17,53,27,47,46,18,44,16,19,39,42,38],[43,35,23,37,12,38,24,38,25,36,27,23,22],[60,44,47,42,46,60,27,60,12,39,60,"r19"],[35,22,12,51,21,33,29,32,25,39,24,23,13],[13,19,41,46,27,11,17,15,52,15,41,26],[39,60,29,41,60,35,46,17,13,"r21",60,60],["和了",[-6100,-6100,21300,-6100],[2,2,2,"跳満6000点∀","断幺九(1飜)","門前清自摸和(1飜)","平和(1飜)","立直(1飜)","一発(1飜)","赤ドラ(1飜)","裏ドラ(1飜)"]]]]}
https://tenhou.net/5/#json={"title":["南喰赤","2026-09-07 14:31:31"],"name":["Honver","ぼーりっく","Fr1dayFr0g","吕凤仙儿"],"rule":{"disp":"南喰赤","aka":1},"log":[[[6,2,0],[11200,18000,46100,24700],[16,22],[36,47],[23,21,39,45,29,13,35,37,42,33,39,16,28],[43,45,27,22,31,27,46,31,29,41,37,42,38,16,39],[13,42,43,16,35,27,60,37,29,60,60,60,60,39,39],[11,14,44,23,13,26,11,41,12,42,31,11,31],[32,45,18,12,43,25,27,37,34,21,33,25,18,33,45],[41,42,45,44,60,23,18,60,60,60,31,"r12",60,60,60],[37,15,52,24,17,32,15,18,28,18,21,16,22],[26,38,12,23,12,46,22,"c181617",43,28,44,44,32,17,25,36],[32,21,60,28,60,60,38,37,60,18,18,60,44,32,17,28],[19,53,38,13,21,24,19,17,41,36,35,46,19],[43,35,36,29,34,24,13,26,47,14,27,34,41,17,19,39],[21,41,43,60,46,13,60,38,60,60,17,"r35",60,60,"191919a19",60],["和了",[0,0,-8600,10600],[3,2,3,"満貫8000点","一盃口(1飜)","立直(1飜)","赤ドラ(1飜)","裏ドラ(0飜)"],[0,1300,-1300,0],[1,2,1,"40符1飜1300点","立直(1飜)","裏ドラ(0飜)"]]]]}
https://tenhou.net/5/#json={"title":["南喰赤","2026-09-07 14:31:31"],"name":["Honver","ぼーりっく","Fr1dayFr0g","吕凤仙儿"],"rule":{"disp":"南喰赤","aka":1},"log":[[[7,0,0],[11200,18300,36200,34300],[33,41],[],[13,16,37,44,12,31,32,44,28,25,46,42,18],[34,33,12,27,26,24,37,28],[31,28,46,12,42,37,60,18],[17,47,34,32,29,31,32,12,51,32,26,29,24],[13,52,36,34,19,36,25,11],[47,31,12,36,60,60,29,29],[14,22,38,34,23,13,14,38,18,26,23,16,53],[31,"c121314","c363453",33,22,16,"3838p38",15],[60,26,22,60,60,18,16],[41,22,47,14,43,42,43,27,45,46,31,43,17],[47,"47p4747",11,27,43,11,29,15,38,"c161517"],[31,22,60,46,"434343a43",60,45,41,60,42],["和了",[-1000,-1000,4000,-2000],[2,2,2,"30符3飜1000-2000点","断幺九(1飜)","ドラ(1飜)","赤ドラ(1飜)"]]]]}
